2226 3
2611
3846 7
4583
7329 16
7716
8319 18
8421 7
8680 18
9315
10519 22
10578
10896 23
11783 18
12042 23
12133
12730 25
12817
13118 26
13166
13467 27
13539
13840 28
13870
14171 29
14208
14505 30
14529
14830 31
14862
15159 32
15192
15489 33
15513
15810 34
15835
16136 35
16219
16519 36
16687
19750 46
20137
20744 48
20995
22207 52
22266
22584 48
23329 53
24307
24909 55
24995
25592 57
25679
25976 58
26024
26321 59
26393
26690 60
26720
27021 61
27058
27359 62
27383
27684 63
27716
28013 64
28046
28343 65
28367
28664 66
29811
30108 67
30762
31667 70
31835
