2226 3
2611
3846 7
4583
7329 16
7716
8319 18
8421 7
8680 18
9315
9921 18
10180
10778 22
10837
11155 23
12133
12730 25
12817
13118 26
13166
13467 27
13539
13840 28
13870
14171 29
14208
14505 30
14529
14830 31
14862
15159 32
15192
15489 33
15513
15810 34
15835
16136 35
16219
16519 36
16687
19750 46
20137
20744 48
20995
22207 52
22266 48
23011
23329 53
24307
24904 55
24991
25288 56
25336
25633 57
25705
26006 58
26036
26333 59
26370
26671 60
26695
26996 61
27028
27329 62
27362
27663 63
27687
27989 64
28075
28672 66
30109
30406 67
31060
31961 70
32129
